(kicad_pcb (version 20171130) (host pcbnew 5.1.2)

  (general
    (thickness 1.6002)
    (drawings 19)
    (tracks 1398)
    (zones 0)
    (modules 80)
    (nets 1)
  )

  (page A4)
  (layers
    (0 Front signal)
    (31 Back signal)
    (32 B.Adhes user)
    (33 F.Adhes user)
    (34 B.Paste user)
    (35 F.Paste user)
    (36 B.SilkS user)
    (37 F.SilkS user)
    (38 B.Mask user)
    (39 F.Mask user)
    (40 Dwgs.User user)
    (41 Cmts.User user)
    (42 Eco1.User user)
    (43 Eco2.User user)
    (44 Edge.Cuts user)
  )

  (setup
    (last_trace_width 0.6)
    (user_trace_width 0.03302)
    (user_trace_width 0.1524)
    (user_trace_width 0.2032)
    (user_trace_width 0.254)
    (user_trace_width 0.3048)
    (user_trace_width 0.4064)
    (user_trace_width 0.508)
    (user_trace_width 0.6096)
    (trace_clearance 0.3048)
    (zone_clearance 0.508)
    (zone_45_only yes)
    (trace_min 0.0254)
    (via_size 0.6096)
    (via_drill 0.508)
    (via_min_size 0.4064)
    (via_min_drill 0.2032)
    (user_via 0.6096 0.3048)
    (user_via 0.8128 0.508)
    (user_via 1.27 0.762)
    (user_via 1.651 0.9906)
    (uvia_size 0.508)
    (uvia_drill 0.127)
    (uvias_allowed no)
    (uvia_min_size 0.508)
    (uvia_min_drill 0.127)
    (edge_width 0.381)
    (segment_width 0.3048)
    (pcb_text_width 0.3048)
    (pcb_text_size 1.524 2.032)
    (mod_edge_width 0.6096)
    (mod_text_size 1.524 1.524)
    (mod_text_width 0.3048)
    (pad_size 1.7 1.7)
    (pad_drill 1)
    (pad_to_mask_clearance 0.2032)
    (aux_axis_origin 0 0)
    (visible_elements 7FFFFF7F)
    (pcbplotparams
      (layerselection 0x01fff_ffffffff)
      (usegerberextensions true)
      (usegerberattributes false)
      (usegerberadvancedattributes false)
      (creategerberjobfile false)
      (excludeedgelayer false)
      (linewidth 0.150000)
      (plotframeref false)
      (viasonmask false)
      (mode 1)
      (useauxorigin false)
      (hpglpennumber 1)
      (hpglpenspeed 20)
      (hpglpendiameter 100.000000)
      (psnegative false)
      (psa4output false)
      (plotreference true)
      (plotvalue false)
      (plotinvisibletext false)
      (padsonsilk false)
      (subtractmaskfromsilk false)
      (outputformat 1)
      (mirror false)
      (drillshape 0)
      (scaleselection 1)
      (outputdirectory "gerber/"))
  )

  (net 0 "")

  (net_class Default "This is the default net class."
    (clearance 0.3048)
    (trace_width 0.6)
    (via_dia 0.6096)
    (via_drill 0.508)
    (uvia_dia 0.508)
    (uvia_drill 0.127)
  )

  (module keyboard:SW_CherryRGB_MX1A_1.00u_Plate_LED (layer Front) (tedit 5D2CE050) (tstamp 5D34DF7C)
    (at 94 98)
    (descr "Cherry MX keyswitch, MX1A, 1.00u, plate mount, http://cherryamericas.com/wp-content/uploads/2014/12/mx_cat.pdf")
    (tags "cherry mx keyswitch MX1A 1.00u plate")
    (fp_text reference 3:1 (at -2.54 -2.794) (layer F.SilkS)
      (effects (font (size 1 1) (thickness 0.15)))
    )
    (fp_text value SW_Cherry_MX1A_1.00u_Plate (at -1.88 15.57) (layer F.Fab)
      (effects (font (size 1 1) (thickness 0.15)))
    )
    (fp_line (start -6.17 12.065) (end -9.525 12.065) (layer F.SilkS) (width 0.12))
    (fp_circle (center -2.47 10.14) (end -2.47 8.24) (layer F.Fab) (width 0.1))
    (fp_line (start -6.12 12.89) (end 1.18 12.89) (layer F.CrtYd) (width 0.05))
    (fp_line (start 1.18 12.89) (end 1.18 7.39) (layer F.CrtYd) (width 0.05))
    (fp_line (start -6.12 7.39) (end -6.12 12.89) (layer F.CrtYd) (width 0.05))
    (fp_line (start -4.97 12.64) (end 0.03 12.64) (layer F.Fab) (width 0.1))
    (fp_text user LED_RGB_5050-6 (at -2.42 13.68) (layer F.Fab)
      (effects (font (size 1 1) (thickness 0.15)))
    )
    (fp_line (start -4.97 7.64) (end -4.97 12.64) (layer F.Fab) (width 0.1))
    (fp_line (start 0.03 7.64) (end -4.97 7.64) (layer F.Fab) (width 0.1))
    (fp_line (start 0.03 12.64) (end 0.03 7.64) (layer F.Fab) (width 0.1))
    (fp_line (start -4.97 8.24) (end -4.37 7.64) (layer F.Fab) (width 0.1))
    (fp_line (start 1.18 7.39) (end -6.12 7.39) (layer F.CrtYd) (width 0.05))
    (fp_line (start -9.525 12.065) (end -9.525 -1.905) (layer F.SilkS) (width 0.12))
    (fp_line (start 4.445 12.065) (end 1.24 12.065) (layer F.SilkS) (width 0.12))
    (fp_line (start 4.445 -1.905) (end 4.445 12.065) (layer F.SilkS) (width 0.12))
    (fp_line (start -9.525 -1.905) (end 4.445 -1.905) (layer F.SilkS) (width 0.12))
    (fp_line (start -12.065 14.605) (end -12.065 -4.445) (layer Dwgs.User) (width 0.15))
    (fp_line (start 6.985 14.605) (end -12.065 14.605) (layer Dwgs.User) (width 0.15))
    (fp_line (start 6.985 -4.445) (end 6.985 14.605) (layer Dwgs.User) (width 0.15))
    (fp_line (start -12.065 -4.445) (end 6.985 -4.445) (layer Dwgs.User) (width 0.15))
    (fp_line (start -9.14 -1.52) (end 4.06 -1.52) (layer F.CrtYd) (width 0.05))
    (fp_line (start 4.06 -1.52) (end 4.06 11.68) (layer F.CrtYd) (width 0.05))
    (fp_line (start 4.06 11.68) (end -9.14 11.68) (layer F.CrtYd) (width 0.05))
    (fp_line (start -9.14 11.68) (end -9.14 -1.52) (layer F.CrtYd) (width 0.05))
    (fp_line (start -8.89 11.43) (end -8.89 -1.27) (layer F.Fab) (width 0.15))
    (fp_line (start 3.81 11.43) (end -8.89 11.43) (layer F.Fab) (width 0.15))
    (fp_line (start 3.81 -1.27) (end 3.81 11.43) (layer F.Fab) (width 0.15))
    (fp_line (start -8.89 -1.27) (end 3.81 -1.27) (layer F.Fab) (width 0.15))
    (fp_text user %R (at -2.54 -2.794) (layer F.Fab)
      (effects (font (size 1 1) (thickness 0.15)))
    )
    (pad 5 smd rect (at -0.07 10.14 90) (size 1.1 2) (layers Front F.Paste F.Mask))
    (pad 3 smd rect (at -4.87 11.84 90) (size 1.1 2) (layers Front F.Paste F.Mask))
    (pad 1 smd rect (at -4.87 8.44 90) (size 1.1 2) (layers Front F.Paste F.Mask))
    (pad 2 smd rect (at -4.87 10.14 90) (size 1.1 2) (layers Front F.Paste F.Mask))
    (pad 6 smd rect (at -0.07 8.44 90) (size 1.1 2) (layers Front F.Paste F.Mask))
    (pad 4 smd rect (at -0.07 11.84 90) (size 1.1 2) (layers Front F.Paste F.Mask))
    (model ${KISYS3DMOD}/Button_Switch_Keyboard.3dshapes/SW_Cherry_MX1A_1.00u_Plate.wrl
      (at (xyz 0 0 0))
      (scale (xyz 1 1 1))
      (rotate (xyz 0 0 0))
    )
  )

  (module keyboard:SW_CherryRGB_MX1A_1.00u_Plate_LED (layer Back) (tedit 5D2CE050) (tstamp 5D321646)
    (at 88.9 98.1 180)
    (descr "Cherry MX keyswitch, MX1A, 1.00u, plate mount, http://cherryamericas.com/wp-content/uploads/2014/12/mx_cat.pdf")
    (tags "cherry mx keyswitch MX1A 1.00u plate")
    (fp_text reference 3:5 (at -2.54 2.794) (layer B.SilkS)
      (effects (font (size 1 1) (thickness 0.15)) (justify mirror))
    )
    (fp_text value SW_Cherry_MX1A_1.00u_Plate (at -1.88 -15.57) (layer B.Fab)
      (effects (font (size 1 1) (thickness 0.15)) (justify mirror))
    )
    (fp_line (start -6.17 -12.065) (end -9.525 -12.065) (layer B.SilkS) (width 0.12))
    (fp_circle (center -2.47 -10.14) (end -2.47 -8.24) (layer B.Fab) (width 0.1))
    (fp_line (start -6.12 -12.89) (end 1.18 -12.89) (layer B.CrtYd) (width 0.05))
    (fp_line (start 1.18 -12.89) (end 1.18 -7.39) (layer B.CrtYd) (width 0.05))
    (fp_line (start -6.12 -7.39) (end -6.12 -12.89) (layer B.CrtYd) (width 0.05))
    (fp_line (start -4.97 -12.64) (end 0.03 -12.64) (layer B.Fab) (width 0.1))
    (fp_text user LED_RGB_5050-6 (at -2.42 -13.68) (layer B.Fab)
      (effects (font (size 1 1) (thickness 0.15)) (justify mirror))
    )
    (fp_line (start -4.97 -7.64) (end -4.97 -12.64) (layer B.Fab) (width 0.1))
    (fp_line (start 0.03 -7.64) (end -4.97 -7.64) (layer B.Fab) (width 0.1))
    (fp_line (start 0.03 -12.64) (end 0.03 -7.64) (layer B.Fab) (width 0.1))
    (fp_line (start -4.97 -8.24) (end -4.37 -7.64) (layer B.Fab) (width 0.1))
    (fp_line (start 1.18 -7.39) (end -6.12 -7.39) (layer B.CrtYd) (width 0.05))
    (fp_line (start -9.525 -12.065) (end -9.525 1.905) (layer B.SilkS) (width 0.12))
    (fp_line (start 4.445 -12.065) (end 1.24 -12.065) (layer B.SilkS) (width 0.12))
    (fp_line (start 4.445 1.905) (end 4.445 -12.065) (layer B.SilkS) (width 0.12))
    (fp_line (start -9.525 1.905) (end 4.445 1.905) (layer B.SilkS) (width 0.12))
    (fp_line (start -12.065 -14.605) (end -12.065 4.445) (layer Dwgs.User) (width 0.15))
    (fp_line (start 6.985 -14.605) (end -12.065 -14.605) (layer Dwgs.User) (width 0.15))
    (fp_line (start 6.985 4.445) (end 6.985 -14.605) (layer Dwgs.User) (width 0.15))
    (fp_line (start -12.065 4.445) (end 6.985 4.445) (layer Dwgs.User) (width 0.15))
    (fp_line (start -9.14 1.52) (end 4.06 1.52) (layer B.CrtYd) (width 0.05))
    (fp_line (start 4.06 1.52) (end 4.06 -11.68) (layer B.CrtYd) (width 0.05))
    (fp_line (start 4.06 -11.68) (end -9.14 -11.68) (layer B.CrtYd) (width 0.05))
    (fp_line (start -9.14 -11.68) (end -9.14 1.52) (layer B.CrtYd) (width 0.05))
    (fp_line (start -8.89 -11.43) (end -8.89 1.27) (layer B.Fab) (width 0.15))
    (fp_line (start 3.81 -11.43) (end -8.89 -11.43) (layer B.Fab) (width 0.15))
    (fp_line (start 3.81 1.27) (end 3.81 -11.43) (layer B.Fab) (width 0.15))
    (fp_line (start -8.89 1.27) (end 3.81 1.27) (layer B.Fab) (width 0.15))
    (fp_text user %R (at -2.54 2.794) (layer B.Fab)
      (effects (font (size 1 1) (thickness 0.15)) (justify mirror))
    )
    (pad 5 smd rect (at -0.07 -10.14 90) (size 1.1 2) (layers Back B.Paste B.Mask))
    (pad 3 smd rect (at -4.87 -11.84 90) (size 1.1 2) (layers Back B.Paste B.Mask))
    (pad 1 smd rect (at -4.87 -8.44 90) (size 1.1 2) (layers Back B.Paste B.Mask))
    (pad 2 smd rect (at -4.87 -10.14 90) (size 1.1 2) (layers Back B.Paste B.Mask))
    (pad 6 smd rect (at -0.07 -8.44 90) (size 1.1 2) (layers Back B.Paste B.Mask))
    (pad 4 smd rect (at -0.07 -11.84 90) (size 1.1 2) (layers Back B.Paste B.Mask))
    (model ${KISYS3DMOD}/Button_Switch_Keyboard.3dshapes/SW_Cherry_MX1A_1.00u_Plate.wrl
      (at (xyz 0 0 0))
      (scale (xyz 1 1 1))
      (rotate (xyz 0 0 0))
    )
  )

  (module keyboard:SW_CherryRGB_MX1A_2.00u_Plate_LED (layer Back) (tedit 5D2CE0D4) (tstamp 5D34B24F)
    (at 60.5 165.6 295)
    (descr "Cherry MX keyswitch, MX1A, 2.00u, plate mount, http://cherryamericas.com/wp-content/uploads/2014/12/mx_cat.pdf")
    (tags "cherry mx keyswitch MX1A 2.00u plate")
    (fp_text reference 0:3 (at -2.54 2.794 295) (layer B.SilkS)
      (effects (font (size 1 1) (thickness 0.15)) (justify mirror))
    )
    (fp_text value SW_Cherry_MX1A_2.00u_Plate (at -2.23 -15.46 295) (layer B.Fab)
      (effects (font (size 1 1) (thickness 0.15)) (justify mirror))
    )
    (fp_line (start -9.525 -12.065) (end -9.525 1.905) (layer B.SilkS) (width 0.12))
    (fp_line (start 4.445 -12.065) (end 1.2 -12.065) (layer B.SilkS) (width 0.12))
    (fp_line (start 4.445 1.905) (end 4.445 -12.065) (layer B.SilkS) (width 0.12))
    (fp_line (start -9.525 1.905) (end 4.445 1.905) (layer B.SilkS) (width 0.12))
    (fp_line (start -21.59 -14.605) (end -21.59 4.445) (layer Dwgs.User) (width 0.15))
    (fp_line (start 16.51 -14.605) (end -21.59 -14.605) (layer Dwgs.User) (width 0.15))
    (fp_line (start 16.51 4.445) (end 16.51 -14.605) (layer Dwgs.User) (width 0.15))
    (fp_line (start -21.59 4.445) (end 16.51 4.445) (layer Dwgs.User) (width 0.15))
    (fp_line (start -9.14 1.52) (end 4.06 1.52) (layer B.CrtYd) (width 0.05))
    (fp_line (start 4.06 1.52) (end 4.06 -11.68) (layer B.CrtYd) (width 0.05))
    (fp_line (start 4.06 -11.68) (end -9.14 -11.68) (layer B.CrtYd) (width 0.05))
    (fp_line (start -9.14 -11.68) (end -9.14 1.52) (layer B.CrtYd) (width 0.05))
    (fp_line (start -8.89 -11.43) (end -8.89 1.27) (layer B.Fab) (width 0.15))
    (fp_line (start 3.81 -11.43) (end -8.89 -11.43) (layer B.Fab) (width 0.15))
    (fp_line (start 3.81 1.27) (end 3.81 -11.43) (layer B.Fab) (width 0.15))
    (fp_line (start -8.89 1.27) (end 3.81 1.27) (layer B.Fab) (width 0.15))
    (fp_text user %R (at -2.54 2.794 295) (layer B.Fab)
      (effects (font (size 1 1) (thickness 0.15)) (justify mirror))
    )
    (fp_line (start -5.01 -7.94) (end -4.41 -7.34) (layer B.Fab) (width 0.1))
    (fp_line (start -6.16 -7.09) (end -6.16 -12.59) (layer B.CrtYd) (width 0.05))
    (fp_line (start -5.01 -12.34) (end -0.01 -12.34) (layer B.Fab) (width 0.1))
    (fp_line (start -5.01 -7.34) (end -5.01 -12.34) (layer B.Fab) (width 0.1))
    (fp_line (start 0.69 -11.45) (end -5.61 -11.45) (layer B.Fab) (width 0.1))
    (fp_line (start -0.01 -7.34) (end -5.01 -7.34) (layer B.Fab) (width 0.1))
    (fp_line (start -0.01 -12.34) (end -0.01 -7.34) (layer B.Fab) (width 0.1))
    (fp_text user LED_RGB_5050-6 (at -2.179999 -13.71 295) (layer B.Fab)
      (effects (font (size 1 1) (thickness 0.15)) (justify mirror))
    )
    (fp_line (start 1.14 -7.09) (end -6.16 -7.09) (layer B.CrtYd) (width 0.05))
    (fp_circle (center -2.51 -9.84) (end -2.51 -7.94) (layer B.Fab) (width 0.1))
    (fp_line (start -6.16 -12.59) (end 1.14 -12.59) (layer B.CrtYd) (width 0.05))
    (fp_line (start 1.14 -12.59) (end 1.14 -7.09) (layer B.CrtYd) (width 0.05))
    (fp_line (start -6.22 -12.065) (end -9.525 -12.065) (layer B.SilkS) (width 0.12))
    (pad 1 smd rect (at -4.91 -8.14 205) (size 1.1 2) (layers Back B.Paste B.Mask))
    (pad 2 smd rect (at -4.91 -9.84 205) (size 1.1 2) (layers Back B.Paste B.Mask))
    (pad 6 smd rect (at -0.11 -8.14 205) (size 1.1 2) (layers Back B.Paste B.Mask))
    (pad 3 smd rect (at -4.91 -11.54 205) (size 1.1 2) (layers Back B.Paste B.Mask))
    (pad 5 smd rect (at -0.11 -9.84 205) (size 1.1 2) (layers Back B.Paste B.Mask))
    (pad 4 smd rect (at -0.11 -11.54 205) (size 1.1 2) (layers Back B.Paste B.Mask))
    (model ${KISYS3DMOD}/Button_Switch_Keyboard.3dshapes/SW_Cherry_MX1A_2.00u_Plate.wrl
      (at (xyz 0 0 0))
      (scale (xyz 1 1 1))
      (rotate (xyz 0 0 0))
    )
  )

  (module keyboard:SW_CherryRGB_MX1A_2.00u_Plate_LED (layer Back) (tedit 5D2CE0D4) (tstamp 5D332766)
    (at 77.8 157.6 295)
    (descr "Cherry MX keyswitch, MX1A, 2.00u, plate mount, http://cherryamericas.com/wp-content/uploads/2014/12/mx_cat.pdf")
    (tags "cherry mx keyswitch MX1A 2.00u plate")
    (fp_text reference 0:4 (at -2.54 2.794 295) (layer B.SilkS)
      (effects (font (size 1 1) (thickness 0.15)) (justify mirror))
    )
    (fp_text value SW_Cherry_MX1A_2.00u_Plate (at -2.23 -15.46 295) (layer B.Fab)
      (effects (font (size 1 1) (thickness 0.15)) (justify mirror))
    )
    (fp_line (start -6.22 -12.065) (end -9.525 -12.065) (layer B.SilkS) (width 0.12))
    (fp_line (start 1.14 -12.59) (end 1.14 -7.09) (layer B.CrtYd) (width 0.05))
    (fp_line (start -6.16 -12.59) (end 1.14 -12.59) (layer B.CrtYd) (width 0.05))
    (fp_circle (center -2.51 -9.84) (end -2.51 -7.94) (layer B.Fab) (width 0.1))
    (fp_line (start 1.14 -7.09) (end -6.16 -7.09) (layer B.CrtYd) (width 0.05))
    (fp_text user LED_RGB_5050-6 (at -2.18 -13.71 295) (layer B.Fab)
      (effects (font (size 1 1) (thickness 0.15)) (justify mirror))
    )
    (fp_line (start -0.01 -12.34) (end -0.01 -7.34) (layer B.Fab) (width 0.1))
    (fp_line (start -0.01 -7.34) (end -5.01 -7.34) (layer B.Fab) (width 0.1))
    (fp_line (start 0.69 -11.45) (end -5.61 -11.45) (layer B.Fab) (width 0.1))
    (fp_line (start -5.01 -7.34) (end -5.01 -12.34) (layer B.Fab) (width 0.1))
    (fp_line (start -5.01 -12.34) (end -0.01 -12.34) (layer B.Fab) (width 0.1))
    (fp_line (start -6.16 -7.09) (end -6.16 -12.59) (layer B.CrtYd) (width 0.05))
    (fp_line (start -5.01 -7.94) (end -4.41 -7.34) (layer B.Fab) (width 0.1))
    (fp_text user %R (at -2.54 2.794 295) (layer B.Fab)
      (effects (font (size 1 1) (thickness 0.15)) (justify mirror))
    )
    (fp_line (start -8.89 1.27) (end 3.81 1.27) (layer B.Fab) (width 0.15))
    (fp_line (start 3.81 1.27) (end 3.81 -11.43) (layer B.Fab) (width 0.15))
    (fp_line (start 3.81 -11.43) (end -8.89 -11.43) (layer B.Fab) (width 0.15))
    (fp_line (start -8.89 -11.43) (end -8.89 1.27) (layer B.Fab) (width 0.15))
    (fp_line (start -9.14 -11.68) (end -9.14 1.52) (layer B.CrtYd) (width 0.05))
    (fp_line (start 4.06 -11.68) (end -9.14 -11.68) (layer B.CrtYd) (width 0.05))
    (fp_line (start 4.06 1.52) (end 4.06 -11.68) (layer B.CrtYd) (width 0.05))
    (fp_line (start -9.14 1.52) (end 4.06 1.52) (layer B.CrtYd) (width 0.05))
    (fp_line (start -21.59 4.445) (end 16.51 4.445) (layer Dwgs.User) (width 0.15))
    (fp_line (start 16.51 4.445) (end 16.51 -14.605) (layer Dwgs.User) (width 0.15))
    (fp_line (start 16.51 -14.605) (end -21.59 -14.605) (layer Dwgs.User) (width 0.15))
    (fp_line (start -21.59 -14.605) (end -21.59 4.445) (layer Dwgs.User) (width 0.15))
    (fp_line (start -9.525 1.905) (end 4.445 1.905) (layer B.SilkS) (width 0.12))
    (fp_line (start 4.445 1.905) (end 4.445 -12.065) (layer B.SilkS) (width 0.12))
    (fp_line (start 4.445 -12.065) (end 1.2 -12.065) (layer B.SilkS) (width 0.12))
    (fp_line (start -9.525 -12.065) (end -9.525 1.905) (layer B.SilkS) (width 0.12))
    (pad 4 smd rect (at -0.11 -11.54 205) (size 1.1 2) (layers Back B.Paste B.Mask))
    (pad 5 smd rect (at -0.11 -9.84 205) (size 1.1 2) (layers Back B.Paste B.Mask))
    (pad 3 smd rect (at -4.91 -11.54 205) (size 1.1 2) (layers Back B.Paste B.Mask))
    (pad 6 smd rect (at -0.11 -8.14 205) (size 1.1 2) (layers Back B.Paste B.Mask))
    (pad 2 smd rect (at -4.91 -9.84 205) (size 1.1 2) (layers Back B.Paste B.Mask))
    (pad 1 smd rect (at -4.91 -8.14 205) (size 1.1 2) (layers Back B.Paste B.Mask))
    (model ${KISYS3DMOD}/Button_Switch_Keyboard.3dshapes/SW_Cherry_MX1A_2.00u_Plate.wrl
      (at (xyz 0 0 0))
      (scale (xyz 1 1 1))
      (rotate (xyz 0 0 0))
    )
  )

  (module keyboard:SW_CherryRGB_MX1A_1.00u_Plate_LED (layer Back) (tedit 5D2CE050) (tstamp 5D33245C)
    (at 46.3 174.2 205)
    (descr "Cherry MX keyswitch, MX1A, 1.00u, plate mount, http://cherryamericas.com/wp-content/uploads/2014/12/mx_cat.pdf")
    (tags "cherry mx keyswitch MX1A 1.00u plate")
    (fp_text reference 0:1 (at -2.54 2.794 25) (layer B.SilkS)
      (effects (font (size 1 1) (thickness 0.15)) (justify mirror))
    )
    (fp_text value SW_Cherry_MX1A_1.00u_Plate (at -1.88 -15.57 25) (layer B.Fab)
      (effects (font (size 1 1) (thickness 0.15)) (justify mirror))
    )
    (fp_line (start -6.17 -12.065) (end -9.525 -12.065) (layer B.SilkS) (width 0.12))
    (fp_circle (center -2.47 -10.14) (end -2.47 -8.24) (layer B.Fab) (width 0.1))
    (fp_line (start -6.12 -12.89) (end 1.18 -12.89) (layer B.CrtYd) (width 0.05))
    (fp_line (start 1.18 -12.89) (end 1.18 -7.39) (layer B.CrtYd) (width 0.05))
    (fp_line (start -6.12 -7.39) (end -6.12 -12.89) (layer B.CrtYd) (width 0.05))
    (fp_line (start -4.97 -12.64) (end 0.03 -12.64) (layer B.Fab) (width 0.1))
    (fp_text user LED_RGB_5050-6 (at -2.42 -13.68 25) (layer B.Fab)
      (effects (font (size 1 1) (thickness 0.15)) (justify mirror))
    )
    (fp_line (start -4.97 -7.64) (end -4.97 -12.64) (layer B.Fab) (width 0.1))
    (fp_line (start 0.03 -7.64) (end -4.97 -7.64) (layer B.Fab) (width 0.1))
    (fp_line (start 0.03 -12.64) (end 0.03 -7.64) (layer B.Fab) (width 0.1))
    (fp_line (start -4.97 -8.24) (end -4.37 -7.64) (layer B.Fab) (width 0.1))
    (fp_line (start 1.18 -7.39) (end -6.12 -7.39) (layer B.CrtYd) (width 0.05))
    (fp_line (start -9.525 -12.065) (end -9.525 1.905) (layer B.SilkS) (width 0.12))
    (fp_line (start 4.445 -12.065) (end 1.24 -12.065) (layer B.SilkS) (width 0.12))
    (fp_line (start 4.445 1.905) (end 4.445 -12.065) (layer B.SilkS) (width 0.12))
    (fp_line (start -9.525 1.905) (end 4.445 1.905) (layer B.SilkS) (width 0.12))
    (fp_line (start -12.065 -14.605) (end -12.065 4.445) (layer Dwgs.User) (width 0.15))
    (fp_line (start 6.985 -14.605) (end -12.065 -14.605) (layer Dwgs.User) (width 0.15))
    (fp_line (start 6.985 4.445) (end 6.985 -14.605) (layer Dwgs.User) (width 0.15))
    (fp_line (start -12.065 4.445) (end 6.985 4.445) (layer Dwgs.User) (width 0.15))
    (fp_line (start -9.14 1.52) (end 4.06 1.52) (layer B.CrtYd) (width 0.05))
    (fp_line (start 4.06 1.52) (end 4.06 -11.68) (layer B.CrtYd) (width 0.05))
    (fp_line (start 4.06 -11.68) (end -9.14 -11.68) (layer B.CrtYd) (width 0.05))
    (fp_line (start -9.14 -11.68) (end -9.14 1.52) (layer B.CrtYd) (width 0.05))
    (fp_line (start -8.89 -11.43) (end -8.89 1.27) (layer B.Fab) (width 0.15))
    (fp_line (start 3.81 -11.43) (end -8.89 -11.43) (layer B.Fab) (width 0.15))
    (fp_line (start 3.81 1.27) (end 3.81 -11.43) (layer B.Fab) (width 0.15))
    (fp_line (start -8.89 1.27) (end 3.81 1.27) (layer B.Fab) (width 0.15))
    (fp_text user %R (at -2.54 2.794 25) (layer B.Fab)
      (effects (font (size 1 1) (thickness 0.15)) (justify mirror))
    )
    (pad 5 smd rect (at -0.07 -10.14 115) (size 1.1 2) (layers Back B.Paste B.Mask))
    (pad 3 smd rect (at -4.87 -11.84 115) (size 1.1 2) (layers Back B.Paste B.Mask))
    (pad 1 smd rect (at -4.87 -8.44 115) (size 1.1 2) (layers Back B.Paste B.Mask))
    (pad 2 smd rect (at -4.87 -10.14 115) (size 1.1 2) (layers Back B.Paste B.Mask))
    (pad 6 smd rect (at -0.07 -8.44 115) (size 1.1 2) (layers Back B.Paste B.Mask))
    (pad 4 smd rect (at -0.07 -11.84 115) (size 1.1 2) (layers Back B.Paste B.Mask))
    (model ${KISYS3DMOD}/Button_Switch_Keyboard.3dshapes/SW_Cherry_MX1A_1.00u_Plate.wrl
      (at (xyz 0 0 0))
      (scale (xyz 1 1 1))
      (rotate (xyz 0 0 0))
    )
  )

  (module keyboard:SW_CherryRGB_MX1A_1.00u_Plate_LED (layer Back) (tedit 5D2CE050) (tstamp 5D33245C)
    (at 38.3 157 205)
    (descr "Cherry MX keyswitch, MX1A, 1.00u, plate mount, http://cherryamericas.com/wp-content/uploads/2014/12/mx_cat.pdf")
    (tags "cherry mx keyswitch MX1A 1.00u plate")
    (fp_text reference 0:2 (at -2.54 2.794 25) (layer B.SilkS)
      (effects (font (size 1 1) (thickness 0.15)) (justify mirror))
    )
    (fp_text value SW_Cherry_MX1A_1.00u_Plate (at -1.88 -15.57 25) (layer B.Fab)
      (effects (font (size 1 1) (thickness 0.15)) (justify mirror))
    )
    (fp_text user %R (at -2.54 2.794 25) (layer B.Fab)
      (effects (font (size 1 1) (thickness 0.15)) (justify mirror))
    )
    (fp_line (start -8.89 1.27) (end 3.81 1.27) (layer B.Fab) (width 0.15))
    (fp_line (start 3.81 1.27) (end 3.81 -11.43) (layer B.Fab) (width 0.15))
    (fp_line (start 3.81 -11.43) (end -8.89 -11.43) (layer B.Fab) (width 0.15))
    (fp_line (start -8.89 -11.43) (end -8.89 1.27) (layer B.Fab) (width 0.15))
    (fp_line (start -9.14 -11.68) (end -9.14 1.52) (layer B.CrtYd) (width 0.05))
    (fp_line (start 4.06 -11.68) (end -9.14 -11.68) (layer B.CrtYd) (width 0.05))
    (fp_line (start 4.06 1.52) (end 4.06 -11.68) (layer B.CrtYd) (width 0.05))
    (fp_line (start -9.14 1.52) (end 4.06 1.52) (layer B.CrtYd) (width 0.05))
    (fp_line (start -12.065 4.445) (end 6.985 4.445) (layer Dwgs.User) (width 0.15))
    (fp_line (start 6.985 4.445) (end 6.985 -14.605) (layer Dwgs.User) (width 0.15))
    (fp_line (start 6.985 -14.605) (end -12.065 -14.605) (layer Dwgs.User) (width 0.15))
    (fp_line (start -12.065 -14.605) (end -12.065 4.445) (layer Dwgs.User) (width 0.15))
    (fp_line (start -9.525 1.905) (end 4.445 1.905) (layer B.SilkS) (width 0.12))
    (fp_line (start 4.445 1.905) (end 4.445 -12.065) (layer B.SilkS) (width 0.12))
    (fp_line (start 4.445 -12.065) (end 1.24 -12.065) (layer B.SilkS) (width 0.12))
    (fp_line (start -9.525 -12.065) (end -9.525 1.905) (layer B.SilkS) (width 0.12))
    (fp_line (start 1.18 -7.39) (end -6.12 -7.39) (layer B.CrtYd) (width 0.05))
    (fp_line (start -4.97 -8.24) (end -4.37 -7.64) (layer B.Fab) (width 0.1))
    (fp_line (start 0.03 -12.64) (end 0.03 -7.64) (layer B.Fab) (width 0.1))
    (fp_line (start 0.03 -7.64) (end -4.97 -7.64) (layer B.Fab) (width 0.1))
    (fp_line (start -4.97 -7.64) (end -4.97 -12.64) (layer B.Fab) (width 0.1))
    (fp_text user LED_RGB_5050-6 (at -2.42 -13.68 25) (layer B.Fab)
      (effects (font (size 1 1) (thickness 0.15)) (justify mirror))
    )
    (fp_line (start -4.97 -12.64) (end 0.03 -12.64) (layer B.Fab) (width 0.1))
    (fp_line (start -6.12 -7.39) (end -6.12 -12.89) (layer B.CrtYd) (width 0.05))
    (fp_line (start 1.18 -12.89) (end 1.18 -7.39) (layer B.CrtYd) (width 0.05))
    (fp_line (start -6.12 -12.89) (end 1.18 -12.89) (layer B.CrtYd) (width 0.05))
    (fp_circle (center -2.47 -10.14) (end -2.47 -8.24) (layer B.Fab) (width 0.1))
    (fp_line (start -6.17 -12.065) (end -9.525 -12.065) (layer B.SilkS) (width 0.12))
    (pad 4 smd rect (at -0.07 -11.84 115) (size 1.1 2) (layers Back B.Paste B.Mask))
    (pad 6 smd rect (at -0.07 -8.44 115) (size 1.1 2) (layers Back B.Paste B.Mask))
    (pad 2 smd rect (at -4.87 -10.14 115) (size 1.1 2) (layers Back B.Paste B.Mask))
    (pad 1 smd rect (at -4.87 -8.44 115) (size 1.1 2) (layers Back B.Paste B.Mask))
    (pad 3 smd rect (at -4.87 -11.84 115) (size 1.1 2) (layers Back B.Paste B.Mask))
    (pad 5 smd rect (at -0.07 -10.14 115) (size 1.1 2) (layers Back B.Paste B.Mask))
    (model ${KISYS3DMOD}/Button_Switch_Keyboard.3dshapes/SW_Cherry_MX1A_1.00u_Plate.wrl
      (at (xyz 0 0 0))
      (scale (xyz 1 1 1))
      (rotate (xyz 0 0 0))
    )
  )

  (module keyboard:SW_CherryRGB_MX1A_1.00u_Plate_LED (layer Back) (tedit 5D2CE050) (tstamp 5D33245C)
    (at 30.2 139.8 205)
    (descr "Cherry MX keyswitch, MX1A, 1.00u, plate mount, http://cherryamericas.com/wp-content/uploads/2014/12/mx_cat.pdf")
    (tags "cherry mx keyswitch MX1A 1.00u plate")
    (fp_text reference 0:5 (at -2.54 2.794 25) (layer B.SilkS)
      (effects (font (size 1 1) (thickness 0.15)) (justify mirror))
    )
    (fp_text value SW_Cherry_MX1A_1.00u_Plate (at -1.88 -15.57 25) (layer B.Fab)
      (effects (font (size 1 1) (thickness 0.15)) (justify mirror))
    )
    (fp_text user %R (at -2.54 2.794 25) (layer B.Fab)
      (effects (font (size 1 1) (thickness 0.15)) (justify mirror))
    )
    (fp_line (start -8.89 1.27) (end 3.81 1.27) (layer B.Fab) (width 0.15))
    (fp_line (start 3.81 1.27) (end 3.81 -11.43) (layer B.Fab) (width 0.15))
    (fp_line (start 3.81 -11.43) (end -8.89 -11.43) (layer B.Fab) (width 0.15))
    (fp_line (start -8.89 -11.43) (end -8.89 1.27) (layer B.Fab) (width 0.15))
    (fp_line (start -9.14 -11.68) (end -9.14 1.52) (layer B.CrtYd) (width 0.05))
    (fp_line (start 4.06 -11.68) (end -9.14 -11.68) (layer B.CrtYd) (width 0.05))
    (fp_line (start 4.06 1.52) (end 4.06 -11.68) (layer B.CrtYd) (width 0.05))
    (fp_line (start -9.14 1.52) (end 4.06 1.52) (layer B.CrtYd) (width 0.05))
    (fp_line (start -12.065 4.445) (end 6.985 4.445) (layer Dwgs.User) (width 0.15))
    (fp_line (start 6.985 4.445) (end 6.985 -14.605) (layer Dwgs.User) (width 0.15))
    (fp_line (start 6.985 -14.605) (end -12.065 -14.605) (layer Dwgs.User) (width 0.15))
    (fp_line (start -12.065 -14.605) (end -12.065 4.445) (layer Dwgs.User) (width 0.15))
    (fp_line (start -9.525 1.905) (end 4.445 1.905) (layer B.SilkS) (width 0.12))
    (fp_line (start 4.445 1.905) (end 4.445 -12.065) (layer B.SilkS) (width 0.12))
    (fp_line (start 4.445 -12.065) (end 1.24 -12.065) (layer B.SilkS) (width 0.12))
    (fp_line (start -9.525 -12.065) (end -9.525 1.905) (layer B.SilkS) (width 0.12))
    (fp_line (start 1.18 -7.39) (end -6.12 -7.39) (layer B.CrtYd) (width 0.05))
    (fp_line (start -4.97 -8.24) (end -4.37 -7.64) (layer B.Fab) (width 0.1))
    (fp_line (start 0.03 -12.64) (end 0.03 -7.64) (layer B.Fab) (width 0.1))
    (fp_line (start 0.03 -7.64) (end -4.97 -7.64) (layer B.Fab) (width 0.1))
    (fp_line (start -4.97 -7.64) (end -4.97 -12.64) (layer B.Fab) (width 0.1))
    (fp_text user LED_RGB_5050-6 (at -2.42 -13.68 25) (layer B.Fab)
      (effects (font (size 1 1) (thickness 0.15)) (justify mirror))
    )
    (fp_line (start -4.97 -12.64) (end 0.03 -12.64) (layer B.Fab) (width 0.1))
    (fp_line (start -6.12 -7.39) (end -6.12 -12.89) (layer B.CrtYd) (width 0.05))
    (fp_line (start 1.18 -12.89) (end 1.18 -7.39) (layer B.CrtYd) (width 0.05))
    (fp_line (start -6.12 -12.89) (end 1.18 -12.89) (layer B.CrtYd) (width 0.05))
    (fp_circle (center -2.47 -10.14) (end -2.47 -8.24) (layer B.Fab) (width 0.1))
    (fp_line (start -6.17 -12.065) (end -9.525 -12.065) (layer B.SilkS) (width 0.12))
    (pad 4 smd rect (at -0.07 -11.84 115) (size 1.1 2) (layers Back B.Paste B.Mask))
    (pad 6 smd rect (at -0.07 -8.44 115) (size 1.1 2) (layers Back B.Paste B.Mask))
    (pad 2 smd rect (at -4.87 -10.14 115) (size 1.1 2) (layers Back B.Paste B.Mask))
    (pad 1 smd rect (at -4.87 -8.44 115) (size 1.1 2) (layers Back B.Paste B.Mask))
    (pad 3 smd rect (at -4.87 -11.84 115) (size 1.1 2) (layers Back B.Paste B.Mask))
    (pad 5 smd rect (at -0.07 -10.14 115) (size 1.1 2) (layers Back B.Paste B.Mask))
    (model ${KISYS3DMOD}/Button_Switch_Keyboard.3dshapes/SW_Cherry_MX1A_1.00u_Plate.wrl
      (at (xyz 0 0 0))
      (scale (xyz 1 1 1))
      (rotate (xyz 0 0 0))
    )
  )

  (module keyboard:SW_CherryRGB_MX1A_1.00u_Plate_LED (layer Back) (tedit 5D2CE050) (tstamp 5D33245C)
    (at 47.5 131.7 205)
    (descr "Cherry MX keyswitch, MX1A, 1.00u, plate mount, http://cherryamericas.com/wp-content/uploads/2014/12/mx_cat.pdf")
    (tags "cherry mx keyswitch MX1A 1.00u plate")
    (fp_text reference 0:6 (at -2.54 2.794 25) (layer B.SilkS)
      (effects (font (size 1 1) (thickness 0.15)) (justify mirror))
    )
    (fp_text value SW_Cherry_MX1A_1.00u_Plate (at -1.88 -15.57 25) (layer B.Fab)
      (effects (font (size 1 1) (thickness 0.15)) (justify mirror))
    )
    (fp_line (start -6.17 -12.065) (end -9.525 -12.065) (layer B.SilkS) (width 0.12))
    (fp_circle (center -2.47 -10.14) (end -2.47 -8.24) (layer B.Fab) (width 0.1))
    (fp_line (start -6.12 -12.89) (end 1.18 -12.89) (layer B.CrtYd) (width 0.05))
    (fp_line (start 1.18 -12.89) (end 1.18 -7.39) (layer B.CrtYd) (width 0.05))
    (fp_line (start -6.12 -7.39) (end -6.12 -12.89) (layer B.CrtYd) (width 0.05))
    (fp_line (start -4.97 -12.64) (end 0.03 -12.64) (layer B.Fab) (width 0.1))
    (fp_text user LED_RGB_5050-6 (at -2.42 -13.68 25) (layer B.Fab)
      (effects (font (size 1 1) (thickness 0.15)) (justify mirror))
    )
    (fp_line (start -4.97 -7.64) (end -4.97 -12.64) (layer B.Fab) (width 0.1))
    (fp_line (start 0.03 -7.64) (end -4.97 -7.64) (layer B.Fab) (width 0.1))
    (fp_line (start 0.03 -12.64) (end 0.03 -7.64) (layer B.Fab) (width 0.1))
    (fp_line (start -4.97 -8.24) (end -4.37 -7.64) (layer B.Fab) (width 0.1))
    (fp_line (start 1.18 -7.39) (end -6.12 -7.39) (layer B.CrtYd) (width 0.05))
    (fp_line (start -9.525 -12.065) (end -9.525 1.905) (layer B.SilkS) (width 0.12))
    (fp_line (start 4.445 -12.065) (end 1.24 -12.065) (layer B.SilkS) (width 0.12))
    (fp_line (start 4.445 1.905) (end 4.445 -12.065) (layer B.SilkS) (width 0.12))
    (fp_line (start -9.525 1.905) (end 4.445 1.905) (layer B.SilkS) (width 0.12))
    (fp_line (start -12.065 -14.605) (end -12.065 4.445) (layer Dwgs.User) (width 0.15))
    (fp_line (start 6.985 -14.605) (end -12.065 -14.605) (layer Dwgs.User) (width 0.15))
    (fp_line (start 6.985 4.445) (end 6.985 -14.605) (layer Dwgs.User) (width 0.15))
    (fp_line (start -12.065 4.445) (end 6.985 4.445) (layer Dwgs.User) (width 0.15))
    (fp_line (start -9.14 1.52) (end 4.06 1.52) (layer B.CrtYd) (width 0.05))
    (fp_line (start 4.06 1.52) (end 4.06 -11.68) (layer B.CrtYd) (width 0.05))
    (fp_line (start 4.06 -11.68) (end -9.14 -11.68) (layer B.CrtYd) (width 0.05))
    (fp_line (start -9.14 -11.68) (end -9.14 1.52) (layer B.CrtYd) (width 0.05))
    (fp_line (start -8.89 -11.43) (end -8.89 1.27) (layer B.Fab) (width 0.15))
    (fp_line (start 3.81 -11.43) (end -8.89 -11.43) (layer B.Fab) (width 0.15))
    (fp_line (start 3.81 1.27) (end 3.81 -11.43) (layer B.Fab) (width 0.15))
    (fp_line (start -8.89 1.27) (end 3.81 1.27) (layer B.Fab) (width 0.15))
    (fp_text user %R (at -2.54 2.794 25) (layer B.Fab)
      (effects (font (size 1 1) (thickness 0.15)) (justify mirror))
    )
    (pad 5 smd rect (at -0.07 -10.14 115) (size 1.1 2) (layers Back B.Paste B.Mask))
    (pad 3 smd rect (at -4.87 -11.84 115) (size 1.1 2) (layers Back B.Paste B.Mask))
    (pad 1 smd rect (at -4.87 -8.44 115) (size 1.1 2) (layers Back B.Paste B.Mask))
    (pad 2 smd rect (at -4.87 -10.14 115) (size 1.1 2) (layers Back B.Paste B.Mask))
    (pad 6 smd rect (at -0.07 -8.44 115) (size 1.1 2) (layers Back B.Paste B.Mask))
    (pad 4 smd rect (at -0.07 -11.84 115) (size 1.1 2) (layers Back B.Paste B.Mask))
    (model ${KISYS3DMOD}/Button_Switch_Keyboard.3dshapes/SW_Cherry_MX1A_1.00u_Plate.wrl
      (at (xyz 0 0 0))
      (scale (xyz 1 1 1))
      (rotate (xyz 0 0 0))
    )
  )

  (module keyboard:SW_CherryRGB_MX1A_1.00u_Plate_LED (layer Back) (tedit 5D2CE050) (tstamp 5D332368)
    (at 184.1 138.1 180)
    (descr "Cherry MX keyswitch, MX1A, 1.00u, plate mount, http://cherryamericas.com/wp-content/uploads/2014/12/mx_cat.pdf")
    (tags "cherry mx keyswitch MX1A 1.00u plate")
    (fp_text reference 1:0 (at -2.54 2.794) (layer B.SilkS)
      (effects (font (size 1 1) (thickness 0.15)) (justify mirror))
    )
    (fp_text value SW_Cherry_MX1A_1.00u_Plate (at -1.88 -15.57) (layer B.Fab)
      (effects (font (size 1 1) (thickness 0.15)) (justify mirror))
    )
    (fp_text user %R (at -2.54 2.794) (layer B.Fab)
      (effects (font (size 1 1) (thickness 0.15)) (justify mirror))
    )
    (fp_line (start -8.89 1.27) (end 3.81 1.27) (layer B.Fab) (width 0.15))
    (fp_line (start 3.81 1.27) (end 3.81 -11.43) (layer B.Fab) (width 0.15))
    (fp_line (start 3.81 -11.43) (end -8.89 -11.43) (layer B.Fab) (width 0.15))
    (fp_line (start -8.89 -11.43) (end -8.89 1.27) (layer B.Fab) (width 0.15))
    (fp_line (start -9.14 -11.68) (end -9.14 1.52) (layer B.CrtYd) (width 0.05))
    (fp_line (start 4.06 -11.68) (end -9.14 -11.68) (layer B.CrtYd) (width 0.05))
    (fp_line (start 4.06 1.52) (end 4.06 -11.68) (layer B.CrtYd) (width 0.05))
    (fp_line (start -9.14 1.52) (end 4.06 1.52) (layer B.CrtYd) (width 0.05))
    (fp_line (start -12.065 4.445) (end 6.985 4.445) (layer Dwgs.User) (width 0.15))
    (fp_line (start 6.985 4.445) (end 6.985 -14.605) (layer Dwgs.User) (width 0.15))
    (fp_line (start 6.985 -14.605) (end -12.065 -14.605) (layer Dwgs.User) (width 0.15))
    (fp_line (start -12.065 -14.605) (end -12.065 4.445) (layer Dwgs.User) (width 0.15))
    (fp_line (start -9.525 1.905) (end 4.445 1.905) (layer B.SilkS) (width 0.12))
    (fp_line (start 4.445 1.905) (end 4.445 -12.065) (layer B.SilkS) (width 0.12))
    (fp_line (start 4.445 -12.065) (end 1.24 -12.065) (layer B.SilkS) (width 0.12))
    (fp_line (start -9.525 -12.065) (end -9.525 1.905) (layer B.SilkS) (width 0.12))
    (fp_line (start 1.18 -7.39) (end -6.12 -7.39) (layer B.CrtYd) (width 0.05))
    (fp_line (start -4.97 -8.24) (end -4.37 -7.64) (layer B.Fab) (width 0.1))
    (fp_line (start 0.03 -12.64) (end 0.03 -7.64) (layer B.Fab) (width 0.1))
    (fp_line (start 0.03 -7.64) (end -4.97 -7.64) (layer B.Fab) (width 0.1))
    (fp_line (start -4.97 -7.64) (end -4.97 -12.64) (layer B.Fab) (width 0.1))
    (fp_text user LED_RGB_5050-6 (at -2.42 -13.68) (layer B.Fab)
      (effects (font (size 1 1) (thickness 0.15)) (justify mirror))
    )
    (fp_line (start -4.97 -12.64) (end 0.03 -12.64) (layer B.Fab) (width 0.1))
    (fp_line (start -6.12 -7.39) (end -6.12 -12.89) (layer B.CrtYd) (width 0.05))
    (fp_line (start 1.18 -12.89) (end 1.18 -7.39) (layer B.CrtYd) (width 0.05))
    (fp_line (start -6.12 -12.89) (end 1.18 -12.89) (layer B.CrtYd) (width 0.05))
    (fp_circle (center -2.47 -10.14) (end -2.47 -8.24) (layer B.Fab) (width 0.1))
    (fp_line (start -6.17 -12.065) (end -9.525 -12.065) (layer B.SilkS) (width 0.12))
    (pad 4 smd rect (at -0.07 -11.84 90) (size 1.1 2) (layers Back B.Paste B.Mask))
    (pad 6 smd rect (at -0.07 -8.44 90) (size 1.1 2) (layers Back B.Paste B.Mask))
    (pad 2 smd rect (at -4.87 -10.14 90) (size 1.1 2) (layers Back B.Paste B.Mask))
    (pad 1 smd rect (at -4.87 -8.44 90) (size 1.1 2) (layers Back B.Paste B.Mask))
    (pad 3 smd rect (at -4.87 -11.84 90) (size 1.1 2) (layers Back B.Paste B.Mask))
    (pad 5 smd rect (at -0.07 -10.14 90) (size 1.1 2) (layers Back B.Paste B.Mask))
    (model ${KISYS3DMOD}/Button_Switch_Keyboard.3dshapes/SW_Cherry_MX1A_1.00u_Plate.wrl
      (at (xyz 0 0 0))
      (scale (xyz 1 1 1))
      (rotate (xyz 0 0 0))
    )
  )

  (module keyboard:SW_CherryRGB_MX1A_1.50u_Plate_LED (layer Back) (tedit 5D2CE095) (tstamp 5D332226)
    (at 67.4 119.9 270)
    (descr "Cherry MX keyswitch, MX1A, 1.50u, plate mount, http://cherryamericas.com/wp-content/uploads/2014/12/mx_cat.pdf")
    (tags "cherry mx keyswitch MX1A 1.50u plate")
    (fp_text reference 2:6 (at -2.54 2.794 90) (layer B.SilkS)
      (effects (font (size 1 1) (thickness 0.15)) (justify mirror))
    )
    (fp_text value SW_Cherry_MX1A_1.50u_Plate (at -1.86 -15.55 90) (layer B.Fab)
      (effects (font (size 1 1) (thickness 0.15)) (justify mirror))
    )
    (fp_line (start -6.17 -12.065) (end -9.525 -12.065) (layer B.SilkS) (width 0.12))
    (fp_line (start 1.16 -12.79) (end 1.16 -7.29) (layer B.CrtYd) (width 0.05))
    (fp_line (start -6.14 -12.79) (end 1.16 -12.79) (layer B.CrtYd) (width 0.05))
    (fp_circle (center -2.49 -10.04) (end -2.49 -8.14) (layer B.Fab) (width 0.1))
    (fp_line (start 1.16 -7.29) (end -6.14 -7.29) (layer B.CrtYd) (width 0.05))
    (fp_text user LED_RGB_5050-6 (at -1.81 -13.59 90) (layer B.Fab)
      (effects (font (size 1 1) (thickness 0.15)) (justify mirror))
    )
    (fp_line (start 0.01 -12.54) (end 0.01 -7.54) (layer B.Fab) (width 0.1))
    (fp_line (start 0.01 -7.54) (end -4.99 -7.54) (layer B.Fab) (width 0.1))
    (fp_line (start -4.99 -7.54) (end -4.99 -12.54) (layer B.Fab) (width 0.1))
    (fp_line (start -4.99 -12.54) (end 0.01 -12.54) (layer B.Fab) (width 0.1))
    (fp_line (start -6.14 -7.29) (end -6.14 -12.79) (layer B.CrtYd) (width 0.05))
    (fp_line (start -4.99 -8.14) (end -4.39 -7.54) (layer B.Fab) (width 0.1))
    (fp_line (start -9.525 -12.065) (end -9.525 1.905) (layer B.SilkS) (width 0.12))
    (fp_line (start 4.445 -12.065) (end 1.2 -12.065) (layer B.SilkS) (width 0.12))
    (fp_line (start 4.445 1.905) (end 4.445 -12.065) (layer B.SilkS) (width 0.12))
    (fp_line (start -9.525 1.905) (end 4.445 1.905) (layer B.SilkS) (width 0.12))
    (fp_line (start -16.8275 -14.605) (end -16.8275 4.445) (layer Dwgs.User) (width 0.15))
    (fp_line (start 11.7475 -14.605) (end -16.8275 -14.605) (layer Dwgs.User) (width 0.15))
    (fp_line (start 11.7475 4.445) (end 11.7475 -14.605) (layer Dwgs.User) (width 0.15))
    (fp_line (start -16.8275 4.445) (end 11.7475 4.445) (layer Dwgs.User) (width 0.15))
    (fp_line (start -9.14 1.52) (end 4.06 1.52) (layer B.CrtYd) (width 0.05))
    (fp_line (start 4.06 1.52) (end 4.06 -11.68) (layer B.CrtYd) (width 0.05))
    (fp_line (start 4.06 -11.68) (end -9.14 -11.68) (layer B.CrtYd) (width 0.05))
    (fp_line (start -9.14 -11.68) (end -9.14 1.52) (layer B.CrtYd) (width 0.05))
    (fp_line (start -8.89 -11.43) (end -8.89 1.27) (layer B.Fab) (width 0.15))
    (fp_line (start 3.81 -11.43) (end -8.89 -11.43) (layer B.Fab) (width 0.15))
    (fp_line (start 3.81 1.27) (end 3.81 -11.43) (layer B.Fab) (width 0.15))
    (fp_line (start -8.89 1.27) (end 3.81 1.27) (layer B.Fab) (width 0.15))
    (fp_text user %R (at -2.54 2.794 90) (layer B.Fab)
      (effects (font (size 1 1) (thickness 0.15)) (justify mirror))
    )
    (pad 4 smd rect (at -0.09 -11.74 180) (size 1.1 2) (layers Back B.Paste B.Mask))
    (pad 5 smd rect (at -0.09 -10.04 180) (size 1.1 2) (layers Back B.Paste B.Mask))
    (pad 3 smd rect (at -4.89 -11.74 180) (size 1.1 2) (layers Back B.Paste B.Mask))
    (pad 6 smd rect (at -0.09 -8.34 180) (size 1.1 2) (layers Back B.Paste B.Mask))
    (pad 2 smd rect (at -4.89 -10.04 180) (size 1.1 2) (layers Back B.Paste B.Mask))
    (pad 1 smd rect (at -4.89 -8.34 180) (size 1.1 2) (layers Back B.Paste B.Mask))
    (model ${KISYS3DMOD}/Button_Switch_Keyboard.3dshapes/SW_Cherry_MX1A_1.50u_Plate.wrl
      (at (xyz 0 0 0))
      (scale (xyz 1 1 1))
      (rotate (xyz 0 0 0))
    )
  )

